465 OK
580 OK
522 OK
523 OK
525 OK
526 [] 0
527 [] 0
530 [] 0
528 [] 0
542 [] 0
524 [] 0
531 [] 0
532 [] 0
529 [] 0
485 [] 0
486 [] 0
487 [] 0
488 [] 0
533 [] 0
490 [] 0
483 [] 0
489 [] 0
491 [] 0
494 [] 0
481 [] 0
492 [] 0
482 [] 0
484 [] 0
424 [] 0
423 [] 0
425 [] 0
493 [] 0
426 [] 0
427 [] 0
430 [] 0
429 [] 0
431 [] 0
432 [] 0
428 [] 0
396 [] 0
403 [] 0
402 [] 0
452 [] 0
406 [] 0
405 [] 0
408 [] 0
413 [] 0
415 [] 0
416 [] 0
418 [] 0
419 [] 0
420 [] 0
421 [] 0
417 [] 0
422 [] 0
414 [] 0
274 [] 0
275 [] 0
276 [] 0
278 [] 0
279 [] 0
282 [] 0
281 [] 0
283 [] 0
284 [] 0
277 [] 0
285 [] 0
317 [] 0
245 [] 0
219 [] 0
221 [] 0
179 [] 0
197 [] 0
111 [] 0
71 [] 0
52 [] 0
53 [] 0
54 [] 0
23 [] 0
24 [] 0
25 [] 0
26 [] 0
27 [] 0
28 [] 0
29 [] 0
30 [] 0
31 [] 0
32 [] 0
33 [] 0
34 [] 0
35 [] 0
44 [] 0
9a [] 0
603 [] 0
602 [] 0
607 [] 0
612 [] 0
619 [] 0
621 [] 0
625 [] 0
623 [] 0
622 [] 0
620 [] 0
624 [] 0
614 [] 0
613 [] 0
615 [] 0
617 [] 0
616 [] 0
618 OK
